0 1
0 2
0 3
0 4
0 5
0 8
0 10
0 11
0 13
0 15
0 16
0 19
0 26
0 30
0 32
0 33
0 41
0 42
0 50
0 53
0 58
0 62
0 67
0 87
0 89
0 90
1 0
1 2
1 3
1 4
1 7
1 10
1 17
1 22
1 25
1 29
1 30
1 31
1 35
1 38
1 43
1 56
1 57
1 59
1 64
1 66
1 67
1 73
1 78
1 79
1 83
1 91
1 94
1 98
1 99
2 0
2 1
2 3
2 4
2 5
2 6
2 8
2 9
2 12
2 20
2 21
2 33
2 44
2 49
2 75
3 0
3 1
3 2
3 4
3 5
3 6
3 10
3 13
3 22
3 23
3 24
3 27
3 36
3 38
3 56
3 81
3 85
4 0
4 1
4 2
4 3
4 5
4 21
4 36
4 58
5 0
5 2
5 3
5 4
5 41
5 42
5 63
6 2
6 3
6 39
6 52
6 76
7 1
8 0
8 2
8 16
8 55
9 2
10 0
10 1
10 3
10 14
10 22
10 61
11 0
11 17
12 2
12 14
13 0
13 3
14 10
14 12
14 15
14 47
14 85
15 0
15 14
15 27
15 28
15 51
15 54
15 60
15 67
15 71
15 73
16 0
16 8
16 78
17 1
17 11
17 18
17 28
17 30
17 39
17 40
17 76
18 17
19 0
19 24
19 63
19 73
19 83
20 2
20 43
20 59
20 72
21 2
21 4
21 84
21 98
22 1
22 3
22 10
22 34
22 87
23 3
23 91
24 3
24 19
25 1
26 0
27 3
27 15
27 76
28 15
28 17
29 1
30 0
30 1
30 17
30 88
31 1
32 0
33 0
33 2
33 38
34 22
35 1
36 3
36 4
36 79
38 1
38 3
38 33
38 51
38 53
38 60
39 6
39 17
39 62
39 75
40 17
41 0
41 5
42 0
42 5
43 1
43 20
43 44
43 70
43 98
44 2
44 43
47 14
47 64
49 2
50 0
51 15
51 38
51 69
52 6
53 0
53 38
54 15
55 8
56 1
56 3
56 88
57 1
58 0
58 4
58 68
59 1
59 20
60 15
60 38
61 10
62 0
62 39
63 5
63 19
64 1
64 47
66 1
67 0
67 1
67 15
67 72
68 58
69 51
70 43
71 15
71 72
72 20
72 67
72 71
72 95
73 1
73 15
73 19
75 2
75 39
75 93
76 6
76 17
76 27
78 1
78 16
79 1
79 36
79 81
81 3
81 79
81 91
83 1
83 19
84 21
85 3
85 14
87 0
87 22
88 30
88 56
89 0
90 0
91 1
91 23
91 81
93 75
94 1
95 72
98 1
98 21
98 43
99 1
